


sum 1 2

000 000 0 000000000010110 000 100 00001 000 100 00010 

00005840882

000 000 0 000000000010110 | 000 000 0 000000000010110 000 100 00001 000 100 00010 | 000 100 00100 

000 000 0 000000000110111 | 000 000 0 000000000010110 | 000 100 00001 | 000 100 00010 | 000 100 00100

0000 0000 0000 0000 1101 1100 0000 0000 0000 0001 0110 0001 0000 0010 0010 0000 1000 0100 0010 0000 


sum (sum 1 2) 4
0000DE00016102208420


sum (sum (sum 1 2) 4) 5

000 000 0 000000001011000 | 000 000 0 000000000110111 | 000 000 0 000000000010110 | 000 100 00001 | 000 100 00010 | 000 100 00100 | 000 100 00101

0000 0000 0000 0001 0110 0000 0000 0000 0000 0011 0111 0000 0000 0000 0000 0101 1000 0100 0000 1000 1000 0010 0001 0000 1000 0010 0001 0100

0001600003700005840882108214